{
 "cells": [
  {
   "cell_type": "code",
   "execution_count": 4,
   "id": "7d19b42e",
   "metadata": {},
   "outputs": [
    {
     "name": "stdout",
     "output_type": "stream",
     "text": [
      "                       date  temperature_2m  apparent_temperature  \\\n",
      "0 2022-01-01 00:00:00+00:00         10.4565              7.834798   \n",
      "1 2022-01-01 01:00:00+00:00         10.8065              8.505279   \n",
      "2 2022-01-01 02:00:00+00:00         10.5065              7.800850   \n",
      "3 2022-01-01 03:00:00+00:00         10.2565              7.725925   \n",
      "4 2022-01-01 04:00:00+00:00         10.1565              7.590867   \n",
      "\n",
      "   cloud_cover  wind_speed_10m  diffuse_radiation  direct_normal_irradiance  \\\n",
      "0        100.0       17.713316                0.0                       0.0   \n",
      "1        100.0       16.199999                0.0                       0.0   \n",
      "2         82.0       18.000000                0.0                       0.0   \n",
      "3         47.0       16.323528                0.0                       0.0   \n",
      "4        100.0       16.563911                0.0                       0.0   \n",
      "\n",
      "   shortwave_radiation  wind_speed_100m location  \n",
      "0                  0.0        32.449960   DeBilt  \n",
      "1                  0.0        29.764840   DeBilt  \n",
      "2                  0.0        32.553630   DeBilt  \n",
      "3                  0.0        30.888754   DeBilt  \n",
      "4                  0.0        30.827856   DeBilt  \n"
     ]
    }
   ],
   "source": [
    "import pandas as pd\n",
    "import seaborn as sns\n",
    "import matplotlib.pyplot as plt\n",
    "\n",
    "\n",
    "# load the CSV file directly from GitHub using the raw URL.\n",
    "github_url = \"https://raw.githubusercontent.com/tvgerwe/ENEXIS/march-Twan/workspaces/twan/Weather_Data/Data/hist_weather_data_2022-2024_app_temp2025-03-19T09-46-18%2B00-00.csv\"\n",
    "df = pd.read_csv(github_url)\n",
    "# Convert 'date' column to datetime\n",
    "df['date'] = pd.to_datetime(df['date'])\n",
    "\n",
    "print(df.head())"
   ]
  },
  {
   "cell_type": "code",
   "execution_count": 5,
   "id": "3ae567f8",
   "metadata": {},
   "outputs": [
    {
     "name": "stdout",
     "output_type": "stream",
     "text": [
      "Correlation matrix for temperature_2m:\n",
      "location      DeBilt     Eelde   Sittard  Vlissingen\n",
      "location                                            \n",
      "DeBilt      1.000000  0.977005  0.976161    0.980833\n",
      "Eelde       0.977005  1.000000  0.952803    0.952026\n",
      "Sittard     0.976161  0.952803  1.000000    0.973396\n",
      "Vlissingen  0.980833  0.952026  0.973396    1.000000\n",
      "\n",
      "\n",
      "Correlation matrix for apparent_temperature:\n",
      "location      DeBilt     Eelde   Sittard  Vlissingen\n",
      "location                                            \n",
      "DeBilt      1.000000  0.978012  0.976823    0.982472\n",
      "Eelde       0.978012  1.000000  0.955751    0.955594\n",
      "Sittard     0.976823  0.955751  1.000000    0.975272\n",
      "Vlissingen  0.982472  0.955594  0.975272    1.000000\n",
      "\n",
      "\n",
      "Correlation matrix for cloud_cover:\n",
      "location      DeBilt     Eelde   Sittard  Vlissingen\n",
      "location                                            \n",
      "DeBilt      1.000000  0.582474  0.589600    0.633326\n",
      "Eelde       0.582474  1.000000  0.462615    0.429993\n",
      "Sittard     0.589600  0.462615  1.000000    0.549730\n",
      "Vlissingen  0.633326  0.429993  0.549730    1.000000\n",
      "\n",
      "\n",
      "Correlation matrix for wind_speed_10m:\n",
      "location      DeBilt     Eelde   Sittard  Vlissingen\n",
      "location                                            \n",
      "DeBilt      1.000000  0.828227  0.843155    0.882901\n",
      "Eelde       0.828227  1.000000  0.730579    0.729100\n",
      "Sittard     0.843155  0.730579  1.000000    0.849658\n",
      "Vlissingen  0.882901  0.729100  0.849658    1.000000\n",
      "\n",
      "\n",
      "Correlation matrix for diffuse_radiation:\n",
      "location      DeBilt     Eelde   Sittard  Vlissingen\n",
      "location                                            \n",
      "DeBilt      1.000000  0.909051  0.908582    0.909908\n",
      "Eelde       0.909051  1.000000  0.882378    0.878554\n",
      "Sittard     0.908582  0.882378  1.000000    0.900652\n",
      "Vlissingen  0.909908  0.878554  0.900652    1.000000\n",
      "\n",
      "\n",
      "Correlation matrix for direct_normal_irradiance:\n",
      "location      DeBilt     Eelde   Sittard  Vlissingen\n",
      "location                                            \n",
      "DeBilt      1.000000  0.821598  0.828402    0.846532\n",
      "Eelde       0.821598  1.000000  0.747776    0.745552\n",
      "Sittard     0.828402  0.747776  1.000000    0.807259\n",
      "Vlissingen  0.846532  0.745552  0.807259    1.000000\n",
      "\n",
      "\n",
      "Correlation matrix for shortwave_radiation:\n",
      "location      DeBilt     Eelde   Sittard  Vlissingen\n",
      "location                                            \n",
      "DeBilt      1.000000  0.938990  0.941893    0.947279\n",
      "Eelde       0.938990  1.000000  0.914762    0.913417\n",
      "Sittard     0.941893  0.914762  1.000000    0.932518\n",
      "Vlissingen  0.947279  0.913417  0.932518    1.000000\n",
      "\n",
      "\n",
      "Correlation matrix for wind_speed_100m:\n",
      "location      DeBilt     Eelde   Sittard  Vlissingen\n",
      "location                                            \n",
      "DeBilt      1.000000  0.824481  0.838135    0.880478\n",
      "Eelde       0.824481  1.000000  0.724537    0.723126\n",
      "Sittard     0.838135  0.724537  1.000000    0.849557\n",
      "Vlissingen  0.880478  0.723126  0.849557    1.000000\n",
      "\n",
      "\n"
     ]
    }
   ],
   "source": [
    "# Select the variables of interest\n",
    "variables = [\n",
    "    \"temperature_2m\", \"apparent_temperature\", \"cloud_cover\", \n",
    "    \"wind_speed_10m\", \"diffuse_radiation\", \"direct_normal_irradiance\", \n",
    "    \"shortwave_radiation\", \"wind_speed_100m\"\n",
    "]\n",
    "\n",
    "# Create an empty dictionary to store correlation matrices\n",
    "correlation_matrices = {}\n",
    "\n",
    "# Iterate over each variable\n",
    "for variable in variables:\n",
    "    # Pivot the data to create a matrix with locations as columns and dates as rows\n",
    "    pivot_df = df.pivot(index='date', columns='location', values=variable)\n",
    "    \n",
    "    # Calculate the correlation matrix for the current variable\n",
    "    correlation_matrix = pivot_df.corr()\n",
    "    \n",
    "    # Store the correlation matrix in the dictionary\n",
    "    correlation_matrices[variable] = correlation_matrix\n",
    "    \n",
    "    # Print the correlation matrix\n",
    "    print(f\"Correlation matrix for {variable}:\")\n",
    "    print(correlation_matrix)\n",
    "    print(\"\\n\")"
   ]
  },
  {
   "cell_type": "code",
   "execution_count": null,
   "id": "4c3c8aeb",
   "metadata": {},
   "outputs": [],
   "source": []
  }
 ],
 "metadata": {
  "kernelspec": {
   "display_name": "Python 3",
   "language": "python",
   "name": "python3"
  },
  "language_info": {
   "codemirror_mode": {
    "name": "ipython",
    "version": 3
   },
   "file_extension": ".py",
   "mimetype": "text/x-python",
   "name": "python",
   "nbconvert_exporter": "python",
   "pygments_lexer": "ipython3",
   "version": "3.11.9"
  }
 },
 "nbformat": 4,
 "nbformat_minor": 5
}
